time,x,y,z,phi,theta,psi,x_velocity,y_velocity,z_velocity,phi_velocity,theta_velocity,psi_velocity,rotor_speed1,rotor_speed2,rotor_speed3,rotor_speed4
0.06,-3.6935816994170497e-07,2.5800850759762823e-07,10.00656261605032,0.00021940459813407642,0.00029453870639617463,0.0,-3.167749902948438e-05,2.2740355673407148e-05,0.218736781202969,0.010117625121731965,0.013261810649159943,0.0,472.7839910661428,473.8044202926176,472.47045100445587,473.24965984127545
0.12000000000000001,-1.4047301883174633e-05,9.12973668491092e-06,10.024841136369771,0.0007393213442989932,0.0021086549688416056,0.0,-0.0005851623250761385,0.00033663334356903593,0.3905034179345939,0.005589681305059025,0.05180123938917354,0.0,457.4431065032129,460.5015335272109,459.55986023911566,459.2007554317434
0.18,-0.0001119252736344571,4.786324247331398e-05,10.05354810674244,0.001224202817183162,0.005997551886884445,0.0,-0.0030824861314711033,0.0010013361827274656,0.566323047208419,0.01264948302331569,0.08281659659241836,0.0,459.5564264234301,462.0106292015719,459.9687151220702,460.52726596958047
0.23999999999999996,-0.0004550505205599193,0.00013920817911227694,10.092705201679411,0.0020857872991673077,0.010488665681601006,0.0,-0.008897800369115267,0.002134935118552732,0.7388131317328818,0.017577751495999577,0.049911715475215224,0.0,461.089413281581,458.4867834054642,459.3949018097211,459.78533942812953
0.3,-0.001223454186713063,0.0003156548005258368,10.140613617009564,0.0029409398825563926,0.013477828227483002,0.0,-0.017028460458030373,0.003847600734766427,0.858047757643025,0.00659767705245333,0.04963411953316555,0.0,443.970966583953,443.9497531213697,443.5947131489588,442.69216301698344
0.36000000000000004,-0.0025566888496856718,0.0006135449243560017,10.196569993336617,0.00362228787620289,0.017158661321946767,0.0,-0.027782134461292504,0.006142045097692554,1.007039301695577,0.019487460332557525,0.07804073973375059,0.0,452.1124458716312,454.3975447949152,452.1560528487953,453.19304720135784
0.4200000000000001,-0.004572579855090736,0.0010563064794191135,10.258672959893797,0.004794538005633342,0.02131962884489713,0.0,-0.03984719775682416,0.008728230907422427,1.0630001000834988,0.01963739003940825,0.039781194049735034,0.0,425.36499732687724,422.07976863983174,423.8197521604959,423.8326192079719
0.48000000000000015,-0.0074304156934271925,0.0016877987239372495,10.326249203112075,0.005476844158814664,0.02374571498339062,0.0,-0.05566629089337996,0.012430204997594925,1.1894114267995866,-0.015375988512895058,0.04171055453012954,0.0,447.26465255497664,447.42257607123963,446.88958934085775,444.0267192588781
0.5400000000000001,-0.01127648780653698,0.0025443995207362793,10.400853133371713,0.004330322580869961,0.025830303005131228,0.0,-0.07277628196007407,0.0160171115547421,1.2972637932848985,-0.027875369487568465,0.014758392826212467,0.0,442.06495353947867,439.83916914589724,441.3154580731091,440.2826658343485
0.6000000000000002,-0.016216467219536627,0.0035950006680261545,10.483085565318977,0.0033009334973188587,0.026534553233201308,0.0,-0.09197283636445043,0.018861428083208016,1.4436413151175869,-0.0015119654214409625,0.004883105815737335,0.0,452.68803550717996,451.8926571725061,452.89319264120564,455.00847881441524
0.6600000000000003,-0.022400927426474253,0.004808794647337219,10.57708113401119,0.002942558000104789,0.026960339993583382,0.0,-0.11421219543852766,0.02157196056573893,1.6892124261028567,-0.016857665807152658,0.011191632021743251,0.0,482.80503698121845,483.28061299790295,483.4730825054169,482.315695192106
0.7200000000000003,-0.029913344830434795,0.006170217255911665,10.685114217515595,0.001987154753398279,0.027187312657685148,0.0,-0.13625543407460577,0.023689788667360503,1.911543169833266,-0.014117484528150663,-0.01826784250352422,0.0,478.77295637437777,476.5264700282512,476.09993921587943,476.309641495098
0.7800000000000004,-0.03851340652134373,0.0076203772937310866,10.797871395505902,0.0011625845849509986,0.02617864883485499,0.0,-0.15033518041124858,0.02458414304081587,1.8471381021846416,-0.013003901767355849,-0.014046211255307141,0.0,384.3293807851687,384.729313643264,385.65067540017776,385.7559226340694
0.8400000000000004,-0.04820906586641479,0.009121737100075905,10.916982830669328,0.0002760935972858647,0.025092008733663462,0.0,-0.1727205365032001,0.025354380972269174,2.1227754584470557,-0.018575295118819668,-0.027819936550025307,0.0,493.1840501281913,492.1658185981268,492.97338671630706,492.5616902952465
0.9000000000000005,-0.059086766924859764,0.010644461272050477,11.047422337930927,6.282395186897315,0.02338708811127166,0.0,-0.18969302148263603,0.025291535441990032,2.2250183533956074,-0.01620695073848436,-0.029633367821554634,0.0,442.4571982214538,442.30765729575336,441.6233366813566,441.81870095027597
0.9600000000000005,-0.07098705280486185,0.01214018110391459,11.185721329653349,6.28146925729521,0.02162874548957916,0.0,-0.20678091831792425,0.024460958747471492,2.384632826187469,-0.013925999637801894,-0.02865842473159031,0.0,459.6458809949784,459.72290961538863,460.5617028004573,460.7421729411795
1.0200000000000005,-0.08391713825830753,0.013562828378915884,11.335642256016634,6.2812019501883185,0.019911152392771747,0.0,-0.22400485169692244,0.022900525218664484,2.6122437056249175,0.009797341481066847,-0.02856289168426691,0.0,481.35473385455055,481.36180272159095,479.64237436368893,481.44068334837584
1.0800000000000005,-0.09786011335765457,0.014888789900973021,11.500312608670535,6.281717091108483,0.017998776161837426,0.0,-0.24052235038561864,0.02136913761362528,2.876146975102699,0.006044967667903997,-0.03948594201268347,0.0,493.0291204732099,492.22116534495603,492.1648435375237,491.88692066198246
1.1400000000000006,-0.1126390690104367,0.016143339144092408,11.674932391857894,6.282131350392941,0.015615266255211147,0.0,-0.2518766614561197,0.020487267814189792,2.944343786146844,0.008569950183380573,-0.04020782759517227,0.0,434.55790063643616,434.49654342622455,434.880301498679,435.0916435853795
1.2000000000000006,-0.12808393289403902,0.01735190643845404,11.855715746762801,6.282868987360857,0.013288983108168395,0.0,-0.2626936166254911,0.019866868809153258,3.081413293252721,0.018859562687193077,-0.036043699578196496,0.0,456.932999925005,457.26414574984136,455.8196201060789,456.6410571912331
1.2600000000000007,-0.1440741778210133,0.018541979468048007,12.040517773003657,0.0007317747072903558,0.01120275959553041,0.0,-0.2701316577017208,0.019896985108408382,3.0786649750558697,0.014529551762250736,-0.03233871627524439,0.0,411.26472496778104,411.592142419875,413.89795373939864,413.51663827639305
1.3200000000000007,-0.160533431698698,0.019756399341759504,12.230553172240493,0.0011663949041800237,0.009154587032754513,0.0,-0.27828045335789586,0.020665082761056025,3.255365524517455,-0.01421369764217991,-0.037997232983325725,0.0,469.4757600386117,469.0360869171462,470.4898572234539,468.25912118373606
1.3800000000000008,-0.1774284936981849,0.021019125634066698,12.430599818876733,0.0005477198395222871,0.007074972766115906,0.0,-0.2846457301891359,0.02134514298607958,3.4124042618979376,-0.0034685080929625313,-0.028706841094813296,0.0,464.22445082306706,464.9524248023441,463.8503840792495,464.69358915167294
1.4400000000000008,-0.19467221455812123,0.02231217882072657,12.64167906059196,6.283071795338021,0.005428583201075199,0.0,-0.2899425650014526,0.021713949153923887,3.622930362972888,-0.03378136162176544,-0.025019462533218254,0.0,480.51528007813187,480.7946134586612,482.763078999254,480.47039573310394
1.5000000000000009,-0.21219129850355484,0.02360396917810236,12.864621076031124,6.281314094101575,0.0037630828829984253,0.0,-0.2938442679838209,0.021130675640528788,3.8078751775247985,-0.021566961371460806,-0.033891072867073775,0.0,474.8763999933331,474.19520764560593,474.8963523281945,475.8321463007436
1.560000000000001,-0.22988451042504765,0.024834835328138353,13.09293478560278,6.280017080568891,0.0018427156036331382,0.0,-0.2957599824233234,0.019786149431838596,3.802601642037296,-0.021716930967891762,-0.02848084881476616,0.0,416.59050445508205,417.06288950128277,416.41790709619863,416.40474615373205
1.620000000000001,-0.2476678940491824,0.02594551575658456,13.326006977087916,6.278169898588271,6.28315491074802,0.0,-0.2968209361969816,0.01707915830746851,3.9659211444938816,-0.06339378015701623,-0.03734804852643965,0.0,469.98058363173715,469.29247916623376,471.4145895077876,468.1823095697587
1.680000000000001,-0.26547112552159835,0.026846375664930974,13.568060367761797,6.274836195476784,6.280959764417915,0.0,-0.2963834381695945,0.012572744625348395,4.102047243411961,-0.04327584646393737,-0.035103545561244946,0.0,462.82532582327883,463.00140384437213,461.67968756397227,463.26229942669335
1.740000000000001,-0.28319902514675904,0.027401540500633995,13.819107760342304,6.272492351527214,6.278985330224483,0.0,-0.2943221513123114,0.005664072397439213,4.265603207943444,-0.03174957925941386,-0.028842149390395835,0.0,471.21279500990465,471.69625599912007,471.83783954663556,472.7262214641224
1.8000000000000012,-0.30075430967552574,0.02747721809907614,14.081287780891191,6.270245542188405,6.277276389764946,0.0,-0.29065558822246,-0.0033731947219181714,4.472942173128491,-0.05238720357189449,-0.02777237107934103,0.0,486.7597055328837,486.83961612188796,485.64959317056383,484.09842599507465
1.8600000000000012,-0.318084504254172,0.027027773439715883,14.350260850127025,6.2669131897609525,6.275901268987255,0.0,-0.28688267422123637,-0.011898402952390554,4.492746288812692,-0.06273224505029167,-0.014647777423523582,0.0,429.7671057305323,430.8781429553472,430.5232006079517,429.64467280876886
1.9200000000000013,-0.3351691580386626,0.02601194483548033,14.619946811092614,6.263080324596563,6.274978494688975,0.0,-0.28252680772829786,-0.02229585597564125,4.496764743917791,-0.06628268120158513,-0.01688479297665048,0.0,424.9846717406314,424.7929520341032,425.7022699569432,425.3951357768612
1.9800000000000013,-0.3519672888101216,0.024282175095028707,14.890892610304487,6.259106632953046,6.274205218893034,0.0,-0.2773300649565698,-0.03572903547862638,4.534604952457602,-0.06611949594414075,-0.005899946209198854,0.0,435.8444581759256,436.76178661110663,436.19629620425917,436.2065763029051
2.0400000000000014,-0.36845547302068415,0.021711250721223038,15.162511647452051,6.255013444948462,6.2737329283496095,0.0,-0.27224027170928494,-0.05031212346712941,4.519414149461919,-0.07278875852667387,-0.01213910625981945,0.0,419.24503479320987,418.70262511214287,419.81630098412114,419.23331631005715
2.1000000000000014,-0.38461938257121925,0.018164439307084484,15.434232930688816,6.25016642408375,6.273218899950896,0.0,-0.2665019214572889,-0.06831897251862724,4.537876153285176,-0.10588959840419597,-0.0022397627054916882,0.0,430.60048394687755,431.43731781388533,430.84123238407244,428.02701545968995
2.1600000000000015,-0.40040660211240053,0.01335630520808891,15.709569869412652,6.243350804761599,6.273413785289874,0.0,-0.2597469826350486,-0.09260321579605718,4.6395903806389125,-0.13709913882177072,0.012430887015422928,0.0,456.8573961689619,458.0257218256286,457.203284721647,454.6978265466486
2.2200000000000015,-0.4158150679870278,0.007025415752766848,15.989008324951953,6.235478617665347,6.274565967898315,0.0,-0.25395891726496145,-0.11916279010605857,4.674847901559508,-0.12146044990889261,0.030134660130497443,0.0,436.5513014031017,438.02620166847186,435.63790518496955,436.9274376139501
2.2800000000000016,-0.43084163196094144,-0.0013975119541967862,16.277764150513335,6.228056352466934,6.276800279860026,0.0,-0.24719634729022325,-0.1624837626663423,4.94915019488717,-0.12861403386479447,0.04860165390265596,0.0,507.80658976693985,509.1301183664142,507.8822907237107,507.3570791571722
2.3400000000000016,-0.4455497366686386,-0.012372449329112726,16.578700427394367,6.220412786981267,6.279699749534483,0.0,-0.24338609904514819,-0.20413401873720613,5.081426233034452,-0.12505804520998842,0.04776452214835092,0.0,469.55514382993664,469.4914810399811,469.64838953353075,469.91029640887365
2.4000000000000017,-0.4601045327244616,-0.025729661236483035,16.88319950791643,6.213789058021046,6.282659451296215,0.0,-0.2420210803063296,-0.24170346722442765,5.06855135531256,-0.09084553038274186,0.05228472607575477,0.0,424.58118440286603,424.9705104957033,424.7197347824738,427.6322620678913
2.4600000000000017,-0.4746292463126563,-0.04172631429127075,17.190839979192003,6.20792893048845,0.002308032651923142,0.0,-0.2424499490511354,-0.29206456346850035,5.185551045725636,-0.11700354676374244,0.03448993570829777,0.0,466.6498834706152,465.25974930636943,467.7676876933418,465.7178555611441
2.520000000000002,-0.4892362952584964,-0.060889183367545216,17.50568019188459,6.2004331342346415,0.004635166284741032,0.0,-0.24468264499674178,-0.3474080527316677,5.308483872864503,-0.14963165949867577,0.0462269220772218,0.0,468.12814865622084,469.0413273334753,471.3225416087173,468.77962861516
2.580000000000002,-0.504025571686694,-0.0834777166626195,17.827140313736205,6.191572793260843,0.007140749569858329,0.0,-0.24856103667303153,-0.40640851093141134,5.406296051085981,-0.14402065853537066,0.03086030869196443,0.0,463.00905962604264,461.7991802310776,463.5089094771449,463.93025581817886
2.640000000000002,-0.519086814019837,-0.10967558148972027,18.153264959413253,6.1836795559920645,0.008937162795485953,0.0,-0.2536531172493689,-0.4676094359521246,5.46415044447736,-0.11410192458156075,0.028033789505061017,0.0,453.1787588849925,452.9517303575181,449.57390399773647,451.97565822153683
2.700000000000002,-0.5344907492080814,-0.13971486044151446,18.483063477151017,6.176380552165149,0.011257772442094804,0.0,-0.2600078504695575,-0.534341245974023,5.52872149238757,-0.14435099276301852,0.05423708135203731,0.0,453.8782388592238,455.97736457239165,455.85643265927894,453.41870238034096
2.760000000000002,-0.5503452151405274,-0.17407527294364689,18.818260818225937,6.167773044301532,0.014820724920581618,0.0,-0.2688250807635842,-0.6118389633967057,5.643819054984911,-0.14173260345989086,0.06807401988187473,0.0,470.214455852342,471.2875509296,471.254084066506,471.4385510549783
2.820000000000002,-0.5667536612752285,-0.21286603365762566,19.156932994319675,6.159097395143762,0.01858453088773171,0.0,-0.27846935488991215,-0.6819295519608652,5.645108797248842,-0.15103019904017628,0.04902380379078278,0.0,438.4932236429268,436.9103338164292,436.9713402580468,436.1753932650338
2.880000000000002,-0.5838480733474332,-0.25630709841449323,19.49795434455894,6.149808182601152,0.021271009075921832,0.0,-0.2916167943544214,-0.7669525269551295,5.721714487101751,-0.16373426662959573,0.03452813882340841,0.0,460.78021541938847,459.63368860725956,462.6379487693692,461.6145919380481
2.940000000000002,-0.6018022474551025,-0.3051536839910065,19.84440008985263,6.139939871697534,0.024265891110371918,0.0,-0.30711563468807357,-0.8621953787195016,5.825742086359134,-0.1659872554507405,0.0701224102831506,0.0,469.77014399165796,472.5238279567941,470.2579466374662,470.0591734430507
3.000000000000002,-0.6206432280569855,-0.35926904563050566,20.192599455305526,6.12995049802857,0.028450741046266437,0.0,-0.3212622548036488,-0.9424760997757393,5.780935388094006,-0.16751213289450326,0.06898734076218686,0.0,425.25354020346856,425.16021961827056,425.08265198080306,424.9240465654813
3.0600000000000023,-0.640511612972698,-0.4189445563670477,20.541799748919686,6.120330142051209,0.03264400322785033,0.0,-0.34141845136022475,-1.0475979120644583,5.858426162169954,-0.14889766891765788,0.07162933399133342,0.0,463.3001815857666,463.51139438590616,464.1456407273311,465.58101861554655
3.1200000000000023,-0.6616748586450413,-0.485116646193486,20.895621278760153,6.1113366597368195,0.036579736911724225,0.0,-0.3644209933069592,-1.1589376959894515,5.9349655069209595,-0.15195409976710392,0.049427287107251944,0.0,466.9582803460921,465.2256319183433,464.38500801800217,464.1250692074221
3.1800000000000024,-0.684121594087429,-0.5573518165668896,21.249459141041843,6.103213837934348,0.039274955823988655,0.0,-0.38403502922502114,-1.2496006287639627,5.859797793311017,-0.11416319719054717,0.03390050916495628,0.0,417.8181926670475,416.46327219886194,416.42020462744523,419.69433331123895
3.2400000000000024,-0.7080847900631788,-0.6365095079843069,21.606205831865793,6.097030703997627,0.04119077777984881,0.0,-0.4149235241726401,-1.3895303776770114,6.030590896197651,-0.08699593661330561,0.027667032888361136,0.0,494.5007325483158,494.0415158356981,493.25694035062804,495.2510391469476
3.3000000000000025,-0.7339487541135723,-0.7242151872140048,21.973257638792568,6.0915466468714285,0.04342185906166662,0.0,-0.44739228008582216,-1.534395497136768,6.203267849963228,-0.10210649001405415,0.05148795014888342,0.0,495.8060650493995,497.5538685026289,497.98314114872124,496.870232770241
3.3600000000000025,-0.7616840831124668,-0.8201577977584272,22.347644710132247,6.085697256779088,0.04679739796404725,0.0,-0.47741789931803835,-1.6641758225240102,6.275618446044516,-0.08957222981364517,0.06440680255329216,0.0,469.0416238789623,470.0460040993003,469.48521184222085,470.4492768800739
3.4200000000000026,-0.7913551565355736,-0.9242646624841501,22.72765405230919,6.080882043487346,0.05044501181190686,0.0,-0.5119787138937953,-1.8064249101738867,6.3904170136890555,-0.06618429887263531,0.05236153185788296,0.0,484.01243452554917,483.1071422436149,483.35301935013575,485.1079113686665
3.4800000000000026,-0.8232414387232174,-1.0372649340091715,23.115786608856126,6.0770687669666525,0.053201422558990075,0.0,-0.5511787349336111,-1.9604716503357653,6.546144468645129,-0.058757211650135026,0.0282624595710999,0.0,498.2705157528361,496.5061608093015,497.7366678711724,498.2775515155867
3.5400000000000027,-0.8574999651450875,-1.159453014504263,23.51256624786208,6.0738894885419406,0.05506620344327651,0.0,-0.5909148676386242,-2.112636724720311,6.678777363894391,-0.04341489713028911,0.03618955339653022,0.0,492.66939153356543,493.25550587073667,493.06790028538956,494.19870553723473
3.6000000000000028,-0.8940999499138925,-1.2905184868303352,23.915770033404293,6.07098879876289,0.057270108807721876,0.0,-0.6292689133767532,-2.2563627885630524,6.760583544048939,-0.06068679244415423,0.03779445466325347,0.0,480.0636919888219,480.1859921029026,481.2612662163655,479.95053613602784
3.660000000000003,-0.9327691470996096,-1.429257944419472,24.319159742738186,6.067689070382157,0.059456760338210124,0.0,-0.6598954626520179,-2.36863644337453,6.685932825237827,-0.045531039097294626,0.03359752778268658,0.0,432.6203109475773,432.26732198627536,432.14506941412054,433.41888264523425
3.720000000000003,-0.9733447738948978,-1.574912714336201,24.71862157962862,6.065252766757244,0.0615177964141953,0.0,-0.6928012927655464,-2.486795163562847,6.629547942859192,-0.03222985851534227,0.03581544237355328,0.0,437.87695278169076,438.0619800246764,437.94183139135595,439.0461761385918
3.780000000000003,-1.0160872857916081,-1.7282532148485839,25.117174064449813,6.0633299183826885,0.06389205528975594,0.0,-0.7321398762274274,-2.6246938249150986,6.6551114355817855,-0.03168524153168741,0.04618436315960511,0.0,463.4825609471707,464.29769198337414,464.58753957938393,464.6299242474119
3.840000000000003,-1.0609537634395942,-1.888951433777754,25.512954893981377,6.061313380366059,0.0667834038291879,0.0,-0.7636486670455453,-2.732215076560565,6.538042684692427,-0.03776344271911042,0.05192297988082425,0.0,418.2791902723453,418.7803716021775,418.7739530280514,418.24421322347905
3.900000000000003,-1.1080596419681499,-2.057139176226194,25.90611726628115,6.058735450486672,0.07013186848588226,0.0,-0.8068256843722027,-2.8742240464538673,6.566888152060338,-0.056197927079609286,0.06262075737915992,0.0,463.91774790055103,464.7591275884856,466.9027442226917,465.46092492567743
3.960000000000003,-1.1579277597253017,-2.2342413659234786,26.302442766436762,6.055804584372158,0.07373197048039692,0.0,-0.8557669589385694,-3.0293798408040544,6.643135728695992,-0.03716923905295328,0.054171040882547275,0.0,481.2361098721542,480.59816256941804,479.9144385757018,481.35557443930185
4.020000000000002,-1.2106414278985047,-2.4202224021955763,26.701177940989247,6.053263238812914,0.07751801994241969,0.0,-0.901658121952859,-3.17019572904783,6.647675499556814,-0.05553660287486827,0.07671743048045732,0.0,460.1475085696969,461.9319932935611,460.4524263482678,458.9956764881252
4.080000000000001,-1.2656954314053,-2.6132956381997703,27.094121463165987,6.0498096224725355,0.08293591106678733,0.0,-0.9338605697653531,-3.2660701968187253,6.4513251484478475,-0.06194838121183499,0.10884394238290176,0.0,391.27845872867164,394.26651577859457,393.5729028846797,392.97603917910186
4.14,-1.323184103463696,-2.8133679614459717,27.48026305644419,6.045912088522558,0.08937748299177617,0.0,-0.9829726797350882,-3.403365584618529,6.419833990525487,-0.0717826990964368,0.10421479485084348,0.0,447.3597269158939,446.9925671398763,449.1458554463696,448.344240903506
4.199999999999998,-1.3837127069942292,-3.0217145776641456,27.86430476631916,6.041438468521758,0.09550329394984924,0.0,-1.0351630129449643,-3.5419326003837854,6.381337791416049,-0.08078796047839856,0.09748746745706253,0.0,446.69791631779106,446.15780375672904,446.3654714997657,445.62539782561214
4.259999999999997,-1.447612918028651,-3.238804557952936,28.24737635260559,6.036331497807343,0.1012404942598355,0.0,-1.0953364801738863,-3.694818748641486,6.3871698078664645,-0.09559248419984533,0.09159910235346755,0.0,460.29029029753895,459.8313652444595,462.40670159705275,461.23290365992847
4.319999999999996,-1.515343724049175,-3.4654519586884116,28.631847865717827,6.030273270123651,0.10638532988671301,0.0,-1.162810870634638,-3.860558627782037,6.427715870636888,-0.11478596667464104,0.0702572712509115,0.0,472.60276610103597,470.9599412448147,474.892666585529,473.4094184975767
4.379999999999995,-1.5871219372250516,-3.7019489609476137,29.01782825890991,6.023373659156656,0.11033886654664382,0.0,-1.2301269646747153,-4.023244048769169,6.437612064909394,-0.11541148913978219,0.055303705932908884,0.0,465.12190321302904,463.95195517362123,465.8710084699407,465.810945631849
4.439999999999993,-1.6624099559441925,-3.946955171045898,29.399145854049372,6.015951261924318,0.11350735885334551,0.0,-1.2797663689198686,-4.144333350358318,6.273435269695143,-0.1505782693022802,0.04728315391406651,0.0,408.42419012424915,407.71006168931376,410.151376684714,406.99860532463873
4.499999999999992,-1.7411533769523746,-4.200351532767378,29.77423229873874,6.007102552477161,0.11581133898462692,0.0,-1.3452281040236118,-4.3029670752444735,6.229005810395696,-0.14191187998872698,0.007348243776698354,0.0,449.88103008593697,446.6354677727112,448.31125138596417,448.99485402803793
4.559999999999991,-1.8239991295856517,-4.463757730695469,30.147761143277776,5.998379910964413,0.1170508596202664,0.0,-1.416339634842297,-4.477956481368609,6.22126230617498,-0.153398655483685,0.03895391912283676,0.0,460.84883241257137,463.34097107737443,460.9156031736547,459.9875514172821
4.6199999999999894,-1.9101912039629185,-4.73556113511501,30.513042270399417,5.989504727261176,0.11945417018828319,0.0,-1.4570049792084439,-4.583043220161422,5.955765288128569,-0.13875978097888347,0.042170866521981064,0.0,370.443426623298,370.7609126873796,371.80345087817335,373.21011584050257
4.679999999999988,-1.9996278021311864,-5.015653384000151,30.86852891812642,5.981625755784394,0.1221915790725756,0.0,-1.5244265360153442,-4.754075083663248,5.893389454881649,-0.11952581708537244,0.05176040257211335,0.0,442.4892152992384,443.2793763579089,442.5064253088842,444.0712217601272
4.739999999999987,-2.0938344936678623,-5.307785321364422,31.22543859060371,5.9739718897624705,0.12583293100605353,0.0,-1.616018690508029,-4.984155373776032,6.002023757139868,-0.1528999889011449,0.07430492787499197,0.0,497.26809563229824,498.9193040780348,498.96204153247385,496.5052352335033
4.799999999999986,-2.1929980204106347,-5.612411742594256,31.584109379991805,5.964735887513406,0.13045001112099275,0.0,-1.6897845494166344,-5.170820462635605,5.953012886830977,-0.15608178987768095,0.08177606754249185,0.0,452.2330900459814,452.8392051269888,451.40926878551375,451.13037029651645
4.859999999999984,-2.29623504483633,-5.9273781316174325,31.93664309407299,5.9550131409108005,0.1353766287371112,0.0,-1.7518428139612539,-5.328919043689566,5.798130923899945,-0.17793269320807645,0.0827700866515841,0.0,417.6672004697281,417.7598513725918,417.2840224309688,415.34402061818173
4.919999999999983,-2.4039319516546938,-6.253561923863834,32.28441122429827,5.943925494739453,0.14035004105524607,0.0,-1.8384204410473695,-5.544700448146748,5.792978850488476,-0.20426972749523664,0.08312921459087944,0.0,468.1212026759919,468.15436309211367,468.756304701148,466.6725478228818
4.979999999999982,-2.5167053656287246,-6.592415300627729,32.63035693135347,5.931476869194933,0.14564341910351253,0.0,-1.9210719427942344,-5.751355698313386,5.737596383820738,-0.2148042817640059,0.09683809083096852,0.0,454.15093819097535,455.255695052694,454.04566645188294,453.157914000823
5.0399999999999805,-2.634312667918182,-6.943378209495879,32.97147681079943,5.9182340154245985,0.1512534969955528,0.0,-1.999593432973507,-5.9484061795178,5.632368545872788,-0.23638973830439283,0.08582180702504766,0.0,439.69906175960864,438.7926444565853,440.62431851542374,438.78608302672495
